

Time 0
Waiting clients: (12,2,4); (35,2,4); (55,3,4); (1,4,4); (15,4,4); (21,5,4); (13,6,4); (57,7,4); (83,9,4); (99,10,4); (96,12,4); (30,13,4); (18,13,4); (75,13,4); (9,15,4); (25,15,4); (51,15,4); (58,16,4); (4,17,4); (61,17,4); (32,17,4); (27,20,4); (89,22,4); (17,24,4); (78,28,4); (91,29,4); (48,30,4); (80,31,4); (6,31,4); (65,31,4); (43,32,4); (71,33,4); (14,36,4); (85,36,4); (77,37,4); (74,39,4); (70,39,4); (76,39,4); (98,39,4); (64,39,4); (19,40,4); (97,40,4); (90,41,4); (45,41,4); (20,42,4); (94,42,4); (82,42,4); (53,43,4); (11,43,4); (54,44,4); (92,45,4); (59,45,4); (28,46,4); (81,46,4); (31,47,4); (16,49,4); (39,50,4); (29,51,4); (62,55,4); (44,55,4); (93,56,4); (5,56,4); (50,57,4); (49,58,4); (67,60,4); (88,60,4); (33,60,4); (73,61,4); (63,62,4); (34,62,4); (7,63,4); (68,63,4); (0,65,4); (47,67,4); (3,69,4); (79,69,4); (52,72,4); (40,73,4); (42,74,4); (23,75,4); (87,76,4); (60,76,4); (95,77,4); (37,78,4); (24,78,4); (8,83,4); (10,84,4); (66,85,4); (22,85,4); (26,88,4); (84,88,4); (38,91,4); (86,93,4); (72,93,4); (36,95,4); (2,95,4); (56,96,4); (69,97,4); (46,98,4); (41,98,4); 
Queue q0: Closed
Queue q1: Closed
Queue q2: Closed


Time 1
Waiting clients: (12,2,4); (35,2,4); (55,3,4); (1,4,4); (15,4,4); (21,5,4); (13,6,4); (57,7,4); (83,9,4); (99,10,4); (96,12,4); (30,13,4); (18,13,4); (75,13,4); (9,15,4); (25,15,4); (51,15,4); (58,16,4); (4,17,4); (61,17,4); (32,17,4); (27,20,4); (89,22,4); (17,24,4); (78,28,4); (91,29,4); (48,30,4); (80,31,4); (6,31,4); (65,31,4); (43,32,4); (71,33,4); (14,36,4); (85,36,4); (77,37,4); (74,39,4); (70,39,4); (76,39,4); (98,39,4); (64,39,4); (19,40,4); (97,40,4); (90,41,4); (45,41,4); (20,42,4); (94,42,4); (82,42,4); (53,43,4); (11,43,4); (54,44,4); (92,45,4); (59,45,4); (28,46,4); (81,46,4); (31,47,4); (16,49,4); (39,50,4); (29,51,4); (62,55,4); (44,55,4); (93,56,4); (5,56,4); (50,57,4); (49,58,4); (67,60,4); (88,60,4); (33,60,4); (73,61,4); (63,62,4); (34,62,4); (7,63,4); (68,63,4); (0,65,4); (47,67,4); (3,69,4); (79,69,4); (52,72,4); (40,73,4); (42,74,4); (23,75,4); (87,76,4); (60,76,4); (95,77,4); (37,78,4); (24,78,4); (8,83,4); (10,84,4); (66,85,4); (22,85,4); (26,88,4); (84,88,4); (38,91,4); (86,93,4); (72,93,4); (36,95,4); (2,95,4); (56,96,4); (69,97,4); (46,98,4); (41,98,4); 
Queue q0: Closed
Queue q1: Closed
Queue q2: Closed


Time 2
Waiting clients: (55,3,4); (1,4,4); (15,4,4); (21,5,4); (13,6,4); (57,7,4); (83,9,4); (99,10,4); (96,12,4); (30,13,4); (18,13,4); (75,13,4); (9,15,4); (25,15,4); (51,15,4); (58,16,4); (4,17,4); (61,17,4); (32,17,4); (27,20,4); (89,22,4); (17,24,4); (78,28,4); (91,29,4); (48,30,4); (80,31,4); (6,31,4); (65,31,4); (43,32,4); (71,33,4); (14,36,4); (85,36,4); (77,37,4); (74,39,4); (70,39,4); (76,39,4); (98,39,4); (64,39,4); (19,40,4); (97,40,4); (90,41,4); (45,41,4); (20,42,4); (94,42,4); (82,42,4); (53,43,4); (11,43,4); (54,44,4); (92,45,4); (59,45,4); (28,46,4); (81,46,4); (31,47,4); (16,49,4); (39,50,4); (29,51,4); (62,55,4); (44,55,4); (93,56,4); (5,56,4); (50,57,4); (49,58,4); (67,60,4); (88,60,4); (33,60,4); (73,61,4); (63,62,4); (34,62,4); (7,63,4); (68,63,4); (0,65,4); (47,67,4); (3,69,4); (79,69,4); (52,72,4); (40,73,4); (42,74,4); (23,75,4); (87,76,4); (60,76,4); (95,77,4); (37,78,4); (24,78,4); (8,83,4); (10,84,4); (66,85,4); (22,85,4); (26,88,4); (84,88,4); (38,91,4); (86,93,4); (72,93,4); (36,95,4); (2,95,4); (56,96,4); (69,97,4); (46,98,4); (41,98,4); 
Queue q0:(12,2,4);
Queue q1:(35,2,4);
Queue q2: Closed


Time 3
Waiting clients: (1,4,4); (15,4,4); (21,5,4); (13,6,4); (57,7,4); (83,9,4); (99,10,4); (96,12,4); (30,13,4); (18,13,4); (75,13,4); (9,15,4); (25,15,4); (51,15,4); (58,16,4); (4,17,4); (61,17,4); (32,17,4); (27,20,4); (89,22,4); (17,24,4); (78,28,4); (91,29,4); (48,30,4); (80,31,4); (6,31,4); (65,31,4); (43,32,4); (71,33,4); (14,36,4); (85,36,4); (77,37,4); (74,39,4); (70,39,4); (76,39,4); (98,39,4); (64,39,4); (19,40,4); (97,40,4); (90,41,4); (45,41,4); (20,42,4); (94,42,4); (82,42,4); (53,43,4); (11,43,4); (54,44,4); (92,45,4); (59,45,4); (28,46,4); (81,46,4); (31,47,4); (16,49,4); (39,50,4); (29,51,4); (62,55,4); (44,55,4); (93,56,4); (5,56,4); (50,57,4); (49,58,4); (67,60,4); (88,60,4); (33,60,4); (73,61,4); (63,62,4); (34,62,4); (7,63,4); (68,63,4); (0,65,4); (47,67,4); (3,69,4); (79,69,4); (52,72,4); (40,73,4); (42,74,4); (23,75,4); (87,76,4); (60,76,4); (95,77,4); (37,78,4); (24,78,4); (8,83,4); (10,84,4); (66,85,4); (22,85,4); (26,88,4); (84,88,4); (38,91,4); (86,93,4); (72,93,4); (36,95,4); (2,95,4); (56,96,4); (69,97,4); (46,98,4); (41,98,4); 
Queue q0:(12,2,4);
Queue q1:(35,2,4);
Queue q2:(55,3,4);


Time 4
Waiting clients: (21,5,4); (13,6,4); (57,7,4); (83,9,4); (99,10,4); (96,12,4); (30,13,4); (18,13,4); (75,13,4); (9,15,4); (25,15,4); (51,15,4); (58,16,4); (4,17,4); (61,17,4); (32,17,4); (27,20,4); (89,22,4); (17,24,4); (78,28,4); (91,29,4); (48,30,4); (80,31,4); (6,31,4); (65,31,4); (43,32,4); (71,33,4); (14,36,4); (85,36,4); (77,37,4); (74,39,4); (70,39,4); (76,39,4); (98,39,4); (64,39,4); (19,40,4); (97,40,4); (90,41,4); (45,41,4); (20,42,4); (94,42,4); (82,42,4); (53,43,4); (11,43,4); (54,44,4); (92,45,4); (59,45,4); (28,46,4); (81,46,4); (31,47,4); (16,49,4); (39,50,4); (29,51,4); (62,55,4); (44,55,4); (93,56,4); (5,56,4); (50,57,4); (49,58,4); (67,60,4); (88,60,4); (33,60,4); (73,61,4); (63,62,4); (34,62,4); (7,63,4); (68,63,4); (0,65,4); (47,67,4); (3,69,4); (79,69,4); (52,72,4); (40,73,4); (42,74,4); (23,75,4); (87,76,4); (60,76,4); (95,77,4); (37,78,4); (24,78,4); (8,83,4); (10,84,4); (66,85,4); (22,85,4); (26,88,4); (84,88,4); (38,91,4); (86,93,4); (72,93,4); (36,95,4); (2,95,4); (56,96,4); (69,97,4); (46,98,4); (41,98,4); 
Queue q0:(12,2,4);
Queue q1:(35,2,4);
Queue q2:(55,3,4);


Time 5
Waiting clients: (13,6,4); (57,7,4); (83,9,4); (99,10,4); (96,12,4); (30,13,4); (18,13,4); (75,13,4); (9,15,4); (25,15,4); (51,15,4); (58,16,4); (4,17,4); (61,17,4); (32,17,4); (27,20,4); (89,22,4); (17,24,4); (78,28,4); (91,29,4); (48,30,4); (80,31,4); (6,31,4); (65,31,4); (43,32,4); (71,33,4); (14,36,4); (85,36,4); (77,37,4); (74,39,4); (70,39,4); (76,39,4); (98,39,4); (64,39,4); (19,40,4); (97,40,4); (90,41,4); (45,41,4); (20,42,4); (94,42,4); (82,42,4); (53,43,4); (11,43,4); (54,44,4); (92,45,4); (59,45,4); (28,46,4); (81,46,4); (31,47,4); (16,49,4); (39,50,4); (29,51,4); (62,55,4); (44,55,4); (93,56,4); (5,56,4); (50,57,4); (49,58,4); (67,60,4); (88,60,4); (33,60,4); (73,61,4); (63,62,4); (34,62,4); (7,63,4); (68,63,4); (0,65,4); (47,67,4); (3,69,4); (79,69,4); (52,72,4); (40,73,4); (42,74,4); (23,75,4); (87,76,4); (60,76,4); (95,77,4); (37,78,4); (24,78,4); (8,83,4); (10,84,4); (66,85,4); (22,85,4); (26,88,4); (84,88,4); (38,91,4); (86,93,4); (72,93,4); (36,95,4); (2,95,4); (56,96,4); (69,97,4); (46,98,4); (41,98,4); 
Queue q0:(12,2,4);
Queue q1:(35,2,4);
Queue q2:(55,3,4);


Time 6
Waiting clients: (57,7,4); (83,9,4); (99,10,4); (96,12,4); (30,13,4); (18,13,4); (75,13,4); (9,15,4); (25,15,4); (51,15,4); (58,16,4); (4,17,4); (61,17,4); (32,17,4); (27,20,4); (89,22,4); (17,24,4); (78,28,4); (91,29,4); (48,30,4); (80,31,4); (6,31,4); (65,31,4); (43,32,4); (71,33,4); (14,36,4); (85,36,4); (77,37,4); (74,39,4); (70,39,4); (76,39,4); (98,39,4); (64,39,4); (19,40,4); (97,40,4); (90,41,4); (45,41,4); (20,42,4); (94,42,4); (82,42,4); (53,43,4); (11,43,4); (54,44,4); (92,45,4); (59,45,4); (28,46,4); (81,46,4); (31,47,4); (16,49,4); (39,50,4); (29,51,4); (62,55,4); (44,55,4); (93,56,4); (5,56,4); (50,57,4); (49,58,4); (67,60,4); (88,60,4); (33,60,4); (73,61,4); (63,62,4); (34,62,4); (7,63,4); (68,63,4); (0,65,4); (47,67,4); (3,69,4); (79,69,4); (52,72,4); (40,73,4); (42,74,4); (23,75,4); (87,76,4); (60,76,4); (95,77,4); (37,78,4); (24,78,4); (8,83,4); (10,84,4); (66,85,4); (22,85,4); (26,88,4); (84,88,4); (38,91,4); (86,93,4); (72,93,4); (36,95,4); (2,95,4); (56,96,4); (69,97,4); (46,98,4); (41,98,4); 
Queue q0:(1,4,4);
Queue q1:(15,4,4);
Queue q2:(55,3,4);


Time 7
Waiting clients: (83,9,4); (99,10,4); (96,12,4); (30,13,4); (18,13,4); (75,13,4); (9,15,4); (25,15,4); (51,15,4); (58,16,4); (4,17,4); (61,17,4); (32,17,4); (27,20,4); (89,22,4); (17,24,4); (78,28,4); (91,29,4); (48,30,4); (80,31,4); (6,31,4); (65,31,4); (43,32,4); (71,33,4); (14,36,4); (85,36,4); (77,37,4); (74,39,4); (70,39,4); (76,39,4); (98,39,4); (64,39,4); (19,40,4); (97,40,4); (90,41,4); (45,41,4); (20,42,4); (94,42,4); (82,42,4); (53,43,4); (11,43,4); (54,44,4); (92,45,4); (59,45,4); (28,46,4); (81,46,4); (31,47,4); (16,49,4); (39,50,4); (29,51,4); (62,55,4); (44,55,4); (93,56,4); (5,56,4); (50,57,4); (49,58,4); (67,60,4); (88,60,4); (33,60,4); (73,61,4); (63,62,4); (34,62,4); (7,63,4); (68,63,4); (0,65,4); (47,67,4); (3,69,4); (79,69,4); (52,72,4); (40,73,4); (42,74,4); (23,75,4); (87,76,4); (60,76,4); (95,77,4); (37,78,4); (24,78,4); (8,83,4); (10,84,4); (66,85,4); (22,85,4); (26,88,4); (84,88,4); (38,91,4); (86,93,4); (72,93,4); (36,95,4); (2,95,4); (56,96,4); (69,97,4); (46,98,4); (41,98,4); 
Queue q0:(1,4,4);
Queue q1:(15,4,4);
Queue q2:(21,5,4);


Time 8
Waiting clients: (83,9,4); (99,10,4); (96,12,4); (30,13,4); (18,13,4); (75,13,4); (9,15,4); (25,15,4); (51,15,4); (58,16,4); (4,17,4); (61,17,4); (32,17,4); (27,20,4); (89,22,4); (17,24,4); (78,28,4); (91,29,4); (48,30,4); (80,31,4); (6,31,4); (65,31,4); (43,32,4); (71,33,4); (14,36,4); (85,36,4); (77,37,4); (74,39,4); (70,39,4); (76,39,4); (98,39,4); (64,39,4); (19,40,4); (97,40,4); (90,41,4); (45,41,4); (20,42,4); (94,42,4); (82,42,4); (53,43,4); (11,43,4); (54,44,4); (92,45,4); (59,45,4); (28,46,4); (81,46,4); (31,47,4); (16,49,4); (39,50,4); (29,51,4); (62,55,4); (44,55,4); (93,56,4); (5,56,4); (50,57,4); (49,58,4); (67,60,4); (88,60,4); (33,60,4); (73,61,4); (63,62,4); (34,62,4); (7,63,4); (68,63,4); (0,65,4); (47,67,4); (3,69,4); (79,69,4); (52,72,4); (40,73,4); (42,74,4); (23,75,4); (87,76,4); (60,76,4); (95,77,4); (37,78,4); (24,78,4); (8,83,4); (10,84,4); (66,85,4); (22,85,4); (26,88,4); (84,88,4); (38,91,4); (86,93,4); (72,93,4); (36,95,4); (2,95,4); (56,96,4); (69,97,4); (46,98,4); (41,98,4); 
Queue q0:(1,4,4);
Queue q1:(15,4,4);
Queue q2:(21,5,4);


Time 9
Waiting clients: (99,10,4); (96,12,4); (30,13,4); (18,13,4); (75,13,4); (9,15,4); (25,15,4); (51,15,4); (58,16,4); (4,17,4); (61,17,4); (32,17,4); (27,20,4); (89,22,4); (17,24,4); (78,28,4); (91,29,4); (48,30,4); (80,31,4); (6,31,4); (65,31,4); (43,32,4); (71,33,4); (14,36,4); (85,36,4); (77,37,4); (74,39,4); (70,39,4); (76,39,4); (98,39,4); (64,39,4); (19,40,4); (97,40,4); (90,41,4); (45,41,4); (20,42,4); (94,42,4); (82,42,4); (53,43,4); (11,43,4); (54,44,4); (92,45,4); (59,45,4); (28,46,4); (81,46,4); (31,47,4); (16,49,4); (39,50,4); (29,51,4); (62,55,4); (44,55,4); (93,56,4); (5,56,4); (50,57,4); (49,58,4); (67,60,4); (88,60,4); (33,60,4); (73,61,4); (63,62,4); (34,62,4); (7,63,4); (68,63,4); (0,65,4); (47,67,4); (3,69,4); (79,69,4); (52,72,4); (40,73,4); (42,74,4); (23,75,4); (87,76,4); (60,76,4); (95,77,4); (37,78,4); (24,78,4); (8,83,4); (10,84,4); (66,85,4); (22,85,4); (26,88,4); (84,88,4); (38,91,4); (86,93,4); (72,93,4); (36,95,4); (2,95,4); (56,96,4); (69,97,4); (46,98,4); (41,98,4); 
Queue q0:(1,4,4);
Queue q1:(15,4,4);
Queue q2:(21,5,4);


Time 10
Waiting clients: (96,12,4); (30,13,4); (18,13,4); (75,13,4); (9,15,4); (25,15,4); (51,15,4); (58,16,4); (4,17,4); (61,17,4); (32,17,4); (27,20,4); (89,22,4); (17,24,4); (78,28,4); (91,29,4); (48,30,4); (80,31,4); (6,31,4); (65,31,4); (43,32,4); (71,33,4); (14,36,4); (85,36,4); (77,37,4); (74,39,4); (70,39,4); (76,39,4); (98,39,4); (64,39,4); (19,40,4); (97,40,4); (90,41,4); (45,41,4); (20,42,4); (94,42,4); (82,42,4); (53,43,4); (11,43,4); (54,44,4); (92,45,4); (59,45,4); (28,46,4); (81,46,4); (31,47,4); (16,49,4); (39,50,4); (29,51,4); (62,55,4); (44,55,4); (93,56,4); (5,56,4); (50,57,4); (49,58,4); (67,60,4); (88,60,4); (33,60,4); (73,61,4); (63,62,4); (34,62,4); (7,63,4); (68,63,4); (0,65,4); (47,67,4); (3,69,4); (79,69,4); (52,72,4); (40,73,4); (42,74,4); (23,75,4); (87,76,4); (60,76,4); (95,77,4); (37,78,4); (24,78,4); (8,83,4); (10,84,4); (66,85,4); (22,85,4); (26,88,4); (84,88,4); (38,91,4); (86,93,4); (72,93,4); (36,95,4); (2,95,4); (56,96,4); (69,97,4); (46,98,4); (41,98,4); 
Queue q0:(13,6,4);
Queue q1:(57,7,4);
Queue q2:(21,5,4);


Time 11
Waiting clients: (96,12,4); (30,13,4); (18,13,4); (75,13,4); (9,15,4); (25,15,4); (51,15,4); (58,16,4); (4,17,4); (61,17,4); (32,17,4); (27,20,4); (89,22,4); (17,24,4); (78,28,4); (91,29,4); (48,30,4); (80,31,4); (6,31,4); (65,31,4); (43,32,4); (71,33,4); (14,36,4); (85,36,4); (77,37,4); (74,39,4); (70,39,4); (76,39,4); (98,39,4); (64,39,4); (19,40,4); (97,40,4); (90,41,4); (45,41,4); (20,42,4); (94,42,4); (82,42,4); (53,43,4); (11,43,4); (54,44,4); (92,45,4); (59,45,4); (28,46,4); (81,46,4); (31,47,4); (16,49,4); (39,50,4); (29,51,4); (62,55,4); (44,55,4); (93,56,4); (5,56,4); (50,57,4); (49,58,4); (67,60,4); (88,60,4); (33,60,4); (73,61,4); (63,62,4); (34,62,4); (7,63,4); (68,63,4); (0,65,4); (47,67,4); (3,69,4); (79,69,4); (52,72,4); (40,73,4); (42,74,4); (23,75,4); (87,76,4); (60,76,4); (95,77,4); (37,78,4); (24,78,4); (8,83,4); (10,84,4); (66,85,4); (22,85,4); (26,88,4); (84,88,4); (38,91,4); (86,93,4); (72,93,4); (36,95,4); (2,95,4); (56,96,4); (69,97,4); (46,98,4); (41,98,4); 
Queue q0:(13,6,4);
Queue q1:(57,7,4);
Queue q2:(83,9,4);


Time 12
Waiting clients: (30,13,4); (18,13,4); (75,13,4); (9,15,4); (25,15,4); (51,15,4); (58,16,4); (4,17,4); (61,17,4); (32,17,4); (27,20,4); (89,22,4); (17,24,4); (78,28,4); (91,29,4); (48,30,4); (80,31,4); (6,31,4); (65,31,4); (43,32,4); (71,33,4); (14,36,4); (85,36,4); (77,37,4); (74,39,4); (70,39,4); (76,39,4); (98,39,4); (64,39,4); (19,40,4); (97,40,4); (90,41,4); (45,41,4); (20,42,4); (94,42,4); (82,42,4); (53,43,4); (11,43,4); (54,44,4); (92,45,4); (59,45,4); (28,46,4); (81,46,4); (31,47,4); (16,49,4); (39,50,4); (29,51,4); (62,55,4); (44,55,4); (93,56,4); (5,56,4); (50,57,4); (49,58,4); (67,60,4); (88,60,4); (33,60,4); (73,61,4); (63,62,4); (34,62,4); (7,63,4); (68,63,4); (0,65,4); (47,67,4); (3,69,4); (79,69,4); (52,72,4); (40,73,4); (42,74,4); (23,75,4); (87,76,4); (60,76,4); (95,77,4); (37,78,4); (24,78,4); (8,83,4); (10,84,4); (66,85,4); (22,85,4); (26,88,4); (84,88,4); (38,91,4); (86,93,4); (72,93,4); (36,95,4); (2,95,4); (56,96,4); (69,97,4); (46,98,4); (41,98,4); 
Queue q0:(13,6,4);
Queue q1:(57,7,4);
Queue q2:(83,9,4);


Time 13
Waiting clients: (9,15,4); (25,15,4); (51,15,4); (58,16,4); (4,17,4); (61,17,4); (32,17,4); (27,20,4); (89,22,4); (17,24,4); (78,28,4); (91,29,4); (48,30,4); (80,31,4); (6,31,4); (65,31,4); (43,32,4); (71,33,4); (14,36,4); (85,36,4); (77,37,4); (74,39,4); (70,39,4); (76,39,4); (98,39,4); (64,39,4); (19,40,4); (97,40,4); (90,41,4); (45,41,4); (20,42,4); (94,42,4); (82,42,4); (53,43,4); (11,43,4); (54,44,4); (92,45,4); (59,45,4); (28,46,4); (81,46,4); (31,47,4); (16,49,4); (39,50,4); (29,51,4); (62,55,4); (44,55,4); (93,56,4); (5,56,4); (50,57,4); (49,58,4); (67,60,4); (88,60,4); (33,60,4); (73,61,4); (63,62,4); (34,62,4); (7,63,4); (68,63,4); (0,65,4); (47,67,4); (3,69,4); (79,69,4); (52,72,4); (40,73,4); (42,74,4); (23,75,4); (87,76,4); (60,76,4); (95,77,4); (37,78,4); (24,78,4); (8,83,4); (10,84,4); (66,85,4); (22,85,4); (26,88,4); (84,88,4); (38,91,4); (86,93,4); (72,93,4); (36,95,4); (2,95,4); (56,96,4); (69,97,4); (46,98,4); (41,98,4); 
Queue q0:(13,6,4);
Queue q1:(57,7,4);
Queue q2:(83,9,4);


Time 14
Waiting clients: (9,15,4); (25,15,4); (51,15,4); (58,16,4); (4,17,4); (61,17,4); (32,17,4); (27,20,4); (89,22,4); (17,24,4); (78,28,4); (91,29,4); (48,30,4); (80,31,4); (6,31,4); (65,31,4); (43,32,4); (71,33,4); (14,36,4); (85,36,4); (77,37,4); (74,39,4); (70,39,4); (76,39,4); (98,39,4); (64,39,4); (19,40,4); (97,40,4); (90,41,4); (45,41,4); (20,42,4); (94,42,4); (82,42,4); (53,43,4); (11,43,4); (54,44,4); (92,45,4); (59,45,4); (28,46,4); (81,46,4); (31,47,4); (16,49,4); (39,50,4); (29,51,4); (62,55,4); (44,55,4); (93,56,4); (5,56,4); (50,57,4); (49,58,4); (67,60,4); (88,60,4); (33,60,4); (73,61,4); (63,62,4); (34,62,4); (7,63,4); (68,63,4); (0,65,4); (47,67,4); (3,69,4); (79,69,4); (52,72,4); (40,73,4); (42,74,4); (23,75,4); (87,76,4); (60,76,4); (95,77,4); (37,78,4); (24,78,4); (8,83,4); (10,84,4); (66,85,4); (22,85,4); (26,88,4); (84,88,4); (38,91,4); (86,93,4); (72,93,4); (36,95,4); (2,95,4); (56,96,4); (69,97,4); (46,98,4); (41,98,4); 
Queue q0:(99,10,4);
Queue q1:(96,12,4);
Queue q2:(83,9,4);


Time 15
Waiting clients: (58,16,4); (4,17,4); (61,17,4); (32,17,4); (27,20,4); (89,22,4); (17,24,4); (78,28,4); (91,29,4); (48,30,4); (80,31,4); (6,31,4); (65,31,4); (43,32,4); (71,33,4); (14,36,4); (85,36,4); (77,37,4); (74,39,4); (70,39,4); (76,39,4); (98,39,4); (64,39,4); (19,40,4); (97,40,4); (90,41,4); (45,41,4); (20,42,4); (94,42,4); (82,42,4); (53,43,4); (11,43,4); (54,44,4); (92,45,4); (59,45,4); (28,46,4); (81,46,4); (31,47,4); (16,49,4); (39,50,4); (29,51,4); (62,55,4); (44,55,4); (93,56,4); (5,56,4); (50,57,4); (49,58,4); (67,60,4); (88,60,4); (33,60,4); (73,61,4); (63,62,4); (34,62,4); (7,63,4); (68,63,4); (0,65,4); (47,67,4); (3,69,4); (79,69,4); (52,72,4); (40,73,4); (42,74,4); (23,75,4); (87,76,4); (60,76,4); (95,77,4); (37,78,4); (24,78,4); (8,83,4); (10,84,4); (66,85,4); (22,85,4); (26,88,4); (84,88,4); (38,91,4); (86,93,4); (72,93,4); (36,95,4); (2,95,4); (56,96,4); (69,97,4); (46,98,4); (41,98,4); 
Queue q0:(99,10,4);
Queue q1:(96,12,4);
Queue q2:(30,13,4);


Time 16
Waiting clients: (4,17,4); (61,17,4); (32,17,4); (27,20,4); (89,22,4); (17,24,4); (78,28,4); (91,29,4); (48,30,4); (80,31,4); (6,31,4); (65,31,4); (43,32,4); (71,33,4); (14,36,4); (85,36,4); (77,37,4); (74,39,4); (70,39,4); (76,39,4); (98,39,4); (64,39,4); (19,40,4); (97,40,4); (90,41,4); (45,41,4); (20,42,4); (94,42,4); (82,42,4); (53,43,4); (11,43,4); (54,44,4); (92,45,4); (59,45,4); (28,46,4); (81,46,4); (31,47,4); (16,49,4); (39,50,4); (29,51,4); (62,55,4); (44,55,4); (93,56,4); (5,56,4); (50,57,4); (49,58,4); (67,60,4); (88,60,4); (33,60,4); (73,61,4); (63,62,4); (34,62,4); (7,63,4); (68,63,4); (0,65,4); (47,67,4); (3,69,4); (79,69,4); (52,72,4); (40,73,4); (42,74,4); (23,75,4); (87,76,4); (60,76,4); (95,77,4); (37,78,4); (24,78,4); (8,83,4); (10,84,4); (66,85,4); (22,85,4); (26,88,4); (84,88,4); (38,91,4); (86,93,4); (72,93,4); (36,95,4); (2,95,4); (56,96,4); (69,97,4); (46,98,4); (41,98,4); 
Queue q0:(99,10,4);
Queue q1:(96,12,4);
Queue q2:(30,13,4);


Time 17
Waiting clients: (27,20,4); (89,22,4); (17,24,4); (78,28,4); (91,29,4); (48,30,4); (80,31,4); (6,31,4); (65,31,4); (43,32,4); (71,33,4); (14,36,4); (85,36,4); (77,37,4); (74,39,4); (70,39,4); (76,39,4); (98,39,4); (64,39,4); (19,40,4); (97,40,4); (90,41,4); (45,41,4); (20,42,4); (94,42,4); (82,42,4); (53,43,4); (11,43,4); (54,44,4); (92,45,4); (59,45,4); (28,46,4); (81,46,4); (31,47,4); (16,49,4); (39,50,4); (29,51,4); (62,55,4); (44,55,4); (93,56,4); (5,56,4); (50,57,4); (49,58,4); (67,60,4); (88,60,4); (33,60,4); (73,61,4); (63,62,4); (34,62,4); (7,63,4); (68,63,4); (0,65,4); (47,67,4); (3,69,4); (79,69,4); (52,72,4); (40,73,4); (42,74,4); (23,75,4); (87,76,4); (60,76,4); (95,77,4); (37,78,4); (24,78,4); (8,83,4); (10,84,4); (66,85,4); (22,85,4); (26,88,4); (84,88,4); (38,91,4); (86,93,4); (72,93,4); (36,95,4); (2,95,4); (56,96,4); (69,97,4); (46,98,4); (41,98,4); 
Queue q0:(99,10,4);
Queue q1:(96,12,4);
Queue q2:(30,13,4);


Time 18
Waiting clients: (27,20,4); (89,22,4); (17,24,4); (78,28,4); (91,29,4); (48,30,4); (80,31,4); (6,31,4); (65,31,4); (43,32,4); (71,33,4); (14,36,4); (85,36,4); (77,37,4); (74,39,4); (70,39,4); (76,39,4); (98,39,4); (64,39,4); (19,40,4); (97,40,4); (90,41,4); (45,41,4); (20,42,4); (94,42,4); (82,42,4); (53,43,4); (11,43,4); (54,44,4); (92,45,4); (59,45,4); (28,46,4); (81,46,4); (31,47,4); (16,49,4); (39,50,4); (29,51,4); (62,55,4); (44,55,4); (93,56,4); (5,56,4); (50,57,4); (49,58,4); (67,60,4); (88,60,4); (33,60,4); (73,61,4); (63,62,4); (34,62,4); (7,63,4); (68,63,4); (0,65,4); (47,67,4); (3,69,4); (79,69,4); (52,72,4); (40,73,4); (42,74,4); (23,75,4); (87,76,4); (60,76,4); (95,77,4); (37,78,4); (24,78,4); (8,83,4); (10,84,4); (66,85,4); (22,85,4); (26,88,4); (84,88,4); (38,91,4); (86,93,4); (72,93,4); (36,95,4); (2,95,4); (56,96,4); (69,97,4); (46,98,4); (41,98,4); 
Queue q0:(18,13,4);
Queue q1:(75,13,4);
Queue q2:(30,13,4);


Time 19
Waiting clients: (27,20,4); (89,22,4); (17,24,4); (78,28,4); (91,29,4); (48,30,4); (80,31,4); (6,31,4); (65,31,4); (43,32,4); (71,33,4); (14,36,4); (85,36,4); (77,37,4); (74,39,4); (70,39,4); (76,39,4); (98,39,4); (64,39,4); (19,40,4); (97,40,4); (90,41,4); (45,41,4); (20,42,4); (94,42,4); (82,42,4); (53,43,4); (11,43,4); (54,44,4); (92,45,4); (59,45,4); (28,46,4); (81,46,4); (31,47,4); (16,49,4); (39,50,4); (29,51,4); (62,55,4); (44,55,4); (93,56,4); (5,56,4); (50,57,4); (49,58,4); (67,60,4); (88,60,4); (33,60,4); (73,61,4); (63,62,4); (34,62,4); (7,63,4); (68,63,4); (0,65,4); (47,67,4); (3,69,4); (79,69,4); (52,72,4); (40,73,4); (42,74,4); (23,75,4); (87,76,4); (60,76,4); (95,77,4); (37,78,4); (24,78,4); (8,83,4); (10,84,4); (66,85,4); (22,85,4); (26,88,4); (84,88,4); (38,91,4); (86,93,4); (72,93,4); (36,95,4); (2,95,4); (56,96,4); (69,97,4); (46,98,4); (41,98,4); 
Queue q0:(18,13,4);
Queue q1:(75,13,4);
Queue q2:(9,15,4);


Time 20
Waiting clients: (89,22,4); (17,24,4); (78,28,4); (91,29,4); (48,30,4); (80,31,4); (6,31,4); (65,31,4); (43,32,4); (71,33,4); (14,36,4); (85,36,4); (77,37,4); (74,39,4); (70,39,4); (76,39,4); (98,39,4); (64,39,4); (19,40,4); (97,40,4); (90,41,4); (45,41,4); (20,42,4); (94,42,4); (82,42,4); (53,43,4); (11,43,4); (54,44,4); (92,45,4); (59,45,4); (28,46,4); (81,46,4); (31,47,4); (16,49,4); (39,50,4); (29,51,4); (62,55,4); (44,55,4); (93,56,4); (5,56,4); (50,57,4); (49,58,4); (67,60,4); (88,60,4); (33,60,4); (73,61,4); (63,62,4); (34,62,4); (7,63,4); (68,63,4); (0,65,4); (47,67,4); (3,69,4); (79,69,4); (52,72,4); (40,73,4); (42,74,4); (23,75,4); (87,76,4); (60,76,4); (95,77,4); (37,78,4); (24,78,4); (8,83,4); (10,84,4); (66,85,4); (22,85,4); (26,88,4); (84,88,4); (38,91,4); (86,93,4); (72,93,4); (36,95,4); (2,95,4); (56,96,4); (69,97,4); (46,98,4); (41,98,4); 
Queue q0:(18,13,4);
Queue q1:(75,13,4);
Queue q2:(9,15,4);


Time 21
Waiting clients: (89,22,4); (17,24,4); (78,28,4); (91,29,4); (48,30,4); (80,31,4); (6,31,4); (65,31,4); (43,32,4); (71,33,4); (14,36,4); (85,36,4); (77,37,4); (74,39,4); (70,39,4); (76,39,4); (98,39,4); (64,39,4); (19,40,4); (97,40,4); (90,41,4); (45,41,4); (20,42,4); (94,42,4); (82,42,4); (53,43,4); (11,43,4); (54,44,4); (92,45,4); (59,45,4); (28,46,4); (81,46,4); (31,47,4); (16,49,4); (39,50,4); (29,51,4); (62,55,4); (44,55,4); (93,56,4); (5,56,4); (50,57,4); (49,58,4); (67,60,4); (88,60,4); (33,60,4); (73,61,4); (63,62,4); (34,62,4); (7,63,4); (68,63,4); (0,65,4); (47,67,4); (3,69,4); (79,69,4); (52,72,4); (40,73,4); (42,74,4); (23,75,4); (87,76,4); (60,76,4); (95,77,4); (37,78,4); (24,78,4); (8,83,4); (10,84,4); (66,85,4); (22,85,4); (26,88,4); (84,88,4); (38,91,4); (86,93,4); (72,93,4); (36,95,4); (2,95,4); (56,96,4); (69,97,4); (46,98,4); (41,98,4); 
Queue q0:(18,13,4);
Queue q1:(75,13,4);
Queue q2:(9,15,4);


Time 22
Waiting clients: (17,24,4); (78,28,4); (91,29,4); (48,30,4); (80,31,4); (6,31,4); (65,31,4); (43,32,4); (71,33,4); (14,36,4); (85,36,4); (77,37,4); (74,39,4); (70,39,4); (76,39,4); (98,39,4); (64,39,4); (19,40,4); (97,40,4); (90,41,4); (45,41,4); (20,42,4); (94,42,4); (82,42,4); (53,43,4); (11,43,4); (54,44,4); (92,45,4); (59,45,4); (28,46,4); (81,46,4); (31,47,4); (16,49,4); (39,50,4); (29,51,4); (62,55,4); (44,55,4); (93,56,4); (5,56,4); (50,57,4); (49,58,4); (67,60,4); (88,60,4); (33,60,4); (73,61,4); (63,62,4); (34,62,4); (7,63,4); (68,63,4); (0,65,4); (47,67,4); (3,69,4); (79,69,4); (52,72,4); (40,73,4); (42,74,4); (23,75,4); (87,76,4); (60,76,4); (95,77,4); (37,78,4); (24,78,4); (8,83,4); (10,84,4); (66,85,4); (22,85,4); (26,88,4); (84,88,4); (38,91,4); (86,93,4); (72,93,4); (36,95,4); (2,95,4); (56,96,4); (69,97,4); (46,98,4); (41,98,4); 
Queue q0:(25,15,4);
Queue q1:(51,15,4);
Queue q2:(9,15,4);


Time 23
Waiting clients: (17,24,4); (78,28,4); (91,29,4); (48,30,4); (80,31,4); (6,31,4); (65,31,4); (43,32,4); (71,33,4); (14,36,4); (85,36,4); (77,37,4); (74,39,4); (70,39,4); (76,39,4); (98,39,4); (64,39,4); (19,40,4); (97,40,4); (90,41,4); (45,41,4); (20,42,4); (94,42,4); (82,42,4); (53,43,4); (11,43,4); (54,44,4); (92,45,4); (59,45,4); (28,46,4); (81,46,4); (31,47,4); (16,49,4); (39,50,4); (29,51,4); (62,55,4); (44,55,4); (93,56,4); (5,56,4); (50,57,4); (49,58,4); (67,60,4); (88,60,4); (33,60,4); (73,61,4); (63,62,4); (34,62,4); (7,63,4); (68,63,4); (0,65,4); (47,67,4); (3,69,4); (79,69,4); (52,72,4); (40,73,4); (42,74,4); (23,75,4); (87,76,4); (60,76,4); (95,77,4); (37,78,4); (24,78,4); (8,83,4); (10,84,4); (66,85,4); (22,85,4); (26,88,4); (84,88,4); (38,91,4); (86,93,4); (72,93,4); (36,95,4); (2,95,4); (56,96,4); (69,97,4); (46,98,4); (41,98,4); 
Queue q0:(25,15,4);
Queue q1:(51,15,4);
Queue q2:(58,16,4);


Time 24
Waiting clients: (78,28,4); (91,29,4); (48,30,4); (80,31,4); (6,31,4); (65,31,4); (43,32,4); (71,33,4); (14,36,4); (85,36,4); (77,37,4); (74,39,4); (70,39,4); (76,39,4); (98,39,4); (64,39,4); (19,40,4); (97,40,4); (90,41,4); (45,41,4); (20,42,4); (94,42,4); (82,42,4); (53,43,4); (11,43,4); (54,44,4); (92,45,4); (59,45,4); (28,46,4); (81,46,4); (31,47,4); (16,49,4); (39,50,4); (29,51,4); (62,55,4); (44,55,4); (93,56,4); (5,56,4); (50,57,4); (49,58,4); (67,60,4); (88,60,4); (33,60,4); (73,61,4); (63,62,4); (34,62,4); (7,63,4); (68,63,4); (0,65,4); (47,67,4); (3,69,4); (79,69,4); (52,72,4); (40,73,4); (42,74,4); (23,75,4); (87,76,4); (60,76,4); (95,77,4); (37,78,4); (24,78,4); (8,83,4); (10,84,4); (66,85,4); (22,85,4); (26,88,4); (84,88,4); (38,91,4); (86,93,4); (72,93,4); (36,95,4); (2,95,4); (56,96,4); (69,97,4); (46,98,4); (41,98,4); 
Queue q0:(25,15,4);
Queue q1:(51,15,4);
Queue q2:(58,16,4);


Time 25
Waiting clients: (78,28,4); (91,29,4); (48,30,4); (80,31,4); (6,31,4); (65,31,4); (43,32,4); (71,33,4); (14,36,4); (85,36,4); (77,37,4); (74,39,4); (70,39,4); (76,39,4); (98,39,4); (64,39,4); (19,40,4); (97,40,4); (90,41,4); (45,41,4); (20,42,4); (94,42,4); (82,42,4); (53,43,4); (11,43,4); (54,44,4); (92,45,4); (59,45,4); (28,46,4); (81,46,4); (31,47,4); (16,49,4); (39,50,4); (29,51,4); (62,55,4); (44,55,4); (93,56,4); (5,56,4); (50,57,4); (49,58,4); (67,60,4); (88,60,4); (33,60,4); (73,61,4); (63,62,4); (34,62,4); (7,63,4); (68,63,4); (0,65,4); (47,67,4); (3,69,4); (79,69,4); (52,72,4); (40,73,4); (42,74,4); (23,75,4); (87,76,4); (60,76,4); (95,77,4); (37,78,4); (24,78,4); (8,83,4); (10,84,4); (66,85,4); (22,85,4); (26,88,4); (84,88,4); (38,91,4); (86,93,4); (72,93,4); (36,95,4); (2,95,4); (56,96,4); (69,97,4); (46,98,4); (41,98,4); 
Queue q0:(25,15,4);
Queue q1:(51,15,4);
Queue q2:(58,16,4);


Time 26
Waiting clients: (78,28,4); (91,29,4); (48,30,4); (80,31,4); (6,31,4); (65,31,4); (43,32,4); (71,33,4); (14,36,4); (85,36,4); (77,37,4); (74,39,4); (70,39,4); (76,39,4); (98,39,4); (64,39,4); (19,40,4); (97,40,4); (90,41,4); (45,41,4); (20,42,4); (94,42,4); (82,42,4); (53,43,4); (11,43,4); (54,44,4); (92,45,4); (59,45,4); (28,46,4); (81,46,4); (31,47,4); (16,49,4); (39,50,4); (29,51,4); (62,55,4); (44,55,4); (93,56,4); (5,56,4); (50,57,4); (49,58,4); (67,60,4); (88,60,4); (33,60,4); (73,61,4); (63,62,4); (34,62,4); (7,63,4); (68,63,4); (0,65,4); (47,67,4); (3,69,4); (79,69,4); (52,72,4); (40,73,4); (42,74,4); (23,75,4); (87,76,4); (60,76,4); (95,77,4); (37,78,4); (24,78,4); (8,83,4); (10,84,4); (66,85,4); (22,85,4); (26,88,4); (84,88,4); (38,91,4); (86,93,4); (72,93,4); (36,95,4); (2,95,4); (56,96,4); (69,97,4); (46,98,4); (41,98,4); 
Queue q0:(4,17,4);
Queue q1:(61,17,4);
Queue q2:(58,16,4);


Time 27
Waiting clients: (78,28,4); (91,29,4); (48,30,4); (80,31,4); (6,31,4); (65,31,4); (43,32,4); (71,33,4); (14,36,4); (85,36,4); (77,37,4); (74,39,4); (70,39,4); (76,39,4); (98,39,4); (64,39,4); (19,40,4); (97,40,4); (90,41,4); (45,41,4); (20,42,4); (94,42,4); (82,42,4); (53,43,4); (11,43,4); (54,44,4); (92,45,4); (59,45,4); (28,46,4); (81,46,4); (31,47,4); (16,49,4); (39,50,4); (29,51,4); (62,55,4); (44,55,4); (93,56,4); (5,56,4); (50,57,4); (49,58,4); (67,60,4); (88,60,4); (33,60,4); (73,61,4); (63,62,4); (34,62,4); (7,63,4); (68,63,4); (0,65,4); (47,67,4); (3,69,4); (79,69,4); (52,72,4); (40,73,4); (42,74,4); (23,75,4); (87,76,4); (60,76,4); (95,77,4); (37,78,4); (24,78,4); (8,83,4); (10,84,4); (66,85,4); (22,85,4); (26,88,4); (84,88,4); (38,91,4); (86,93,4); (72,93,4); (36,95,4); (2,95,4); (56,96,4); (69,97,4); (46,98,4); (41,98,4); 
Queue q0:(4,17,4);
Queue q1:(61,17,4);
Queue q2:(32,17,4);


Time 28
Waiting clients: (91,29,4); (48,30,4); (80,31,4); (6,31,4); (65,31,4); (43,32,4); (71,33,4); (14,36,4); (85,36,4); (77,37,4); (74,39,4); (70,39,4); (76,39,4); (98,39,4); (64,39,4); (19,40,4); (97,40,4); (90,41,4); (45,41,4); (20,42,4); (94,42,4); (82,42,4); (53,43,4); (11,43,4); (54,44,4); (92,45,4); (59,45,4); (28,46,4); (81,46,4); (31,47,4); (16,49,4); (39,50,4); (29,51,4); (62,55,4); (44,55,4); (93,56,4); (5,56,4); (50,57,4); (49,58,4); (67,60,4); (88,60,4); (33,60,4); (73,61,4); (63,62,4); (34,62,4); (7,63,4); (68,63,4); (0,65,4); (47,67,4); (3,69,4); (79,69,4); (52,72,4); (40,73,4); (42,74,4); (23,75,4); (87,76,4); (60,76,4); (95,77,4); (37,78,4); (24,78,4); (8,83,4); (10,84,4); (66,85,4); (22,85,4); (26,88,4); (84,88,4); (38,91,4); (86,93,4); (72,93,4); (36,95,4); (2,95,4); (56,96,4); (69,97,4); (46,98,4); (41,98,4); 
Queue q0:(4,17,4);
Queue q1:(61,17,4);
Queue q2:(32,17,4);


Time 29
Waiting clients: (48,30,4); (80,31,4); (6,31,4); (65,31,4); (43,32,4); (71,33,4); (14,36,4); (85,36,4); (77,37,4); (74,39,4); (70,39,4); (76,39,4); (98,39,4); (64,39,4); (19,40,4); (97,40,4); (90,41,4); (45,41,4); (20,42,4); (94,42,4); (82,42,4); (53,43,4); (11,43,4); (54,44,4); (92,45,4); (59,45,4); (28,46,4); (81,46,4); (31,47,4); (16,49,4); (39,50,4); (29,51,4); (62,55,4); (44,55,4); (93,56,4); (5,56,4); (50,57,4); (49,58,4); (67,60,4); (88,60,4); (33,60,4); (73,61,4); (63,62,4); (34,62,4); (7,63,4); (68,63,4); (0,65,4); (47,67,4); (3,69,4); (79,69,4); (52,72,4); (40,73,4); (42,74,4); (23,75,4); (87,76,4); (60,76,4); (95,77,4); (37,78,4); (24,78,4); (8,83,4); (10,84,4); (66,85,4); (22,85,4); (26,88,4); (84,88,4); (38,91,4); (86,93,4); (72,93,4); (36,95,4); (2,95,4); (56,96,4); (69,97,4); (46,98,4); (41,98,4); 
Queue q0:(4,17,4);
Queue q1:(61,17,4);
Queue q2:(32,17,4);


Time 30
Waiting clients: (80,31,4); (6,31,4); (65,31,4); (43,32,4); (71,33,4); (14,36,4); (85,36,4); (77,37,4); (74,39,4); (70,39,4); (76,39,4); (98,39,4); (64,39,4); (19,40,4); (97,40,4); (90,41,4); (45,41,4); (20,42,4); (94,42,4); (82,42,4); (53,43,4); (11,43,4); (54,44,4); (92,45,4); (59,45,4); (28,46,4); (81,46,4); (31,47,4); (16,49,4); (39,50,4); (29,51,4); (62,55,4); (44,55,4); (93,56,4); (5,56,4); (50,57,4); (49,58,4); (67,60,4); (88,60,4); (33,60,4); (73,61,4); (63,62,4); (34,62,4); (7,63,4); (68,63,4); (0,65,4); (47,67,4); (3,69,4); (79,69,4); (52,72,4); (40,73,4); (42,74,4); (23,75,4); (87,76,4); (60,76,4); (95,77,4); (37,78,4); (24,78,4); (8,83,4); (10,84,4); (66,85,4); (22,85,4); (26,88,4); (84,88,4); (38,91,4); (86,93,4); (72,93,4); (36,95,4); (2,95,4); (56,96,4); (69,97,4); (46,98,4); (41,98,4); 
Queue q0:(27,20,4);
Queue q1:(89,22,4);
Queue q2:(32,17,4);


Time 31
Waiting clients: (43,32,4); (71,33,4); (14,36,4); (85,36,4); (77,37,4); (74,39,4); (70,39,4); (76,39,4); (98,39,4); (64,39,4); (19,40,4); (97,40,4); (90,41,4); (45,41,4); (20,42,4); (94,42,4); (82,42,4); (53,43,4); (11,43,4); (54,44,4); (92,45,4); (59,45,4); (28,46,4); (81,46,4); (31,47,4); (16,49,4); (39,50,4); (29,51,4); (62,55,4); (44,55,4); (93,56,4); (5,56,4); (50,57,4); (49,58,4); (67,60,4); (88,60,4); (33,60,4); (73,61,4); (63,62,4); (34,62,4); (7,63,4); (68,63,4); (0,65,4); (47,67,4); (3,69,4); (79,69,4); (52,72,4); (40,73,4); (42,74,4); (23,75,4); (87,76,4); (60,76,4); (95,77,4); (37,78,4); (24,78,4); (8,83,4); (10,84,4); (66,85,4); (22,85,4); (26,88,4); (84,88,4); (38,91,4); (86,93,4); (72,93,4); (36,95,4); (2,95,4); (56,96,4); (69,97,4); (46,98,4); (41,98,4); 
Queue q0:(27,20,4);
Queue q1:(89,22,4);
Queue q2:(17,24,4);


Time 32
Waiting clients: (71,33,4); (14,36,4); (85,36,4); (77,37,4); (74,39,4); (70,39,4); (76,39,4); (98,39,4); (64,39,4); (19,40,4); (97,40,4); (90,41,4); (45,41,4); (20,42,4); (94,42,4); (82,42,4); (53,43,4); (11,43,4); (54,44,4); (92,45,4); (59,45,4); (28,46,4); (81,46,4); (31,47,4); (16,49,4); (39,50,4); (29,51,4); (62,55,4); (44,55,4); (93,56,4); (5,56,4); (50,57,4); (49,58,4); (67,60,4); (88,60,4); (33,60,4); (73,61,4); (63,62,4); (34,62,4); (7,63,4); (68,63,4); (0,65,4); (47,67,4); (3,69,4); (79,69,4); (52,72,4); (40,73,4); (42,74,4); (23,75,4); (87,76,4); (60,76,4); (95,77,4); (37,78,4); (24,78,4); (8,83,4); (10,84,4); (66,85,4); (22,85,4); (26,88,4); (84,88,4); (38,91,4); (86,93,4); (72,93,4); (36,95,4); (2,95,4); (56,96,4); (69,97,4); (46,98,4); (41,98,4); 
Queue q0:(27,20,4);
Queue q1:(89,22,4);
Queue q2:(17,24,4);


Time 33
Waiting clients: (14,36,4); (85,36,4); (77,37,4); (74,39,4); (70,39,4); (76,39,4); (98,39,4); (64,39,4); (19,40,4); (97,40,4); (90,41,4); (45,41,4); (20,42,4); (94,42,4); (82,42,4); (53,43,4); (11,43,4); (54,44,4); (92,45,4); (59,45,4); (28,46,4); (81,46,4); (31,47,4); (16,49,4); (39,50,4); (29,51,4); (62,55,4); (44,55,4); (93,56,4); (5,56,4); (50,57,4); (49,58,4); (67,60,4); (88,60,4); (33,60,4); (73,61,4); (63,62,4); (34,62,4); (7,63,4); (68,63,4); (0,65,4); (47,67,4); (3,69,4); (79,69,4); (52,72,4); (40,73,4); (42,74,4); (23,75,4); (87,76,4); (60,76,4); (95,77,4); (37,78,4); (24,78,4); (8,83,4); (10,84,4); (66,85,4); (22,85,4); (26,88,4); (84,88,4); (38,91,4); (86,93,4); (72,93,4); (36,95,4); (2,95,4); (56,96,4); (69,97,4); (46,98,4); (41,98,4); 
Queue q0:(27,20,4);
Queue q1:(89,22,4);
Queue q2:(17,24,4);


Time 34
Waiting clients: (14,36,4); (85,36,4); (77,37,4); (74,39,4); (70,39,4); (76,39,4); (98,39,4); (64,39,4); (19,40,4); (97,40,4); (90,41,4); (45,41,4); (20,42,4); (94,42,4); (82,42,4); (53,43,4); (11,43,4); (54,44,4); (92,45,4); (59,45,4); (28,46,4); (81,46,4); (31,47,4); (16,49,4); (39,50,4); (29,51,4); (62,55,4); (44,55,4); (93,56,4); (5,56,4); (50,57,4); (49,58,4); (67,60,4); (88,60,4); (33,60,4); (73,61,4); (63,62,4); (34,62,4); (7,63,4); (68,63,4); (0,65,4); (47,67,4); (3,69,4); (79,69,4); (52,72,4); (40,73,4); (42,74,4); (23,75,4); (87,76,4); (60,76,4); (95,77,4); (37,78,4); (24,78,4); (8,83,4); (10,84,4); (66,85,4); (22,85,4); (26,88,4); (84,88,4); (38,91,4); (86,93,4); (72,93,4); (36,95,4); (2,95,4); (56,96,4); (69,97,4); (46,98,4); (41,98,4); 
Queue q0:(78,28,4);
Queue q1:(91,29,4);
Queue q2:(17,24,4);


Time 35
Waiting clients: (14,36,4); (85,36,4); (77,37,4); (74,39,4); (70,39,4); (76,39,4); (98,39,4); (64,39,4); (19,40,4); (97,40,4); (90,41,4); (45,41,4); (20,42,4); (94,42,4); (82,42,4); (53,43,4); (11,43,4); (54,44,4); (92,45,4); (59,45,4); (28,46,4); (81,46,4); (31,47,4); (16,49,4); (39,50,4); (29,51,4); (62,55,4); (44,55,4); (93,56,4); (5,56,4); (50,57,4); (49,58,4); (67,60,4); (88,60,4); (33,60,4); (73,61,4); (63,62,4); (34,62,4); (7,63,4); (68,63,4); (0,65,4); (47,67,4); (3,69,4); (79,69,4); (52,72,4); (40,73,4); (42,74,4); (23,75,4); (87,76,4); (60,76,4); (95,77,4); (37,78,4); (24,78,4); (8,83,4); (10,84,4); (66,85,4); (22,85,4); (26,88,4); (84,88,4); (38,91,4); (86,93,4); (72,93,4); (36,95,4); (2,95,4); (56,96,4); (69,97,4); (46,98,4); (41,98,4); 
Queue q0:(78,28,4);
Queue q1:(91,29,4);
Queue q2:(48,30,4);


Time 36
Waiting clients: (77,37,4); (74,39,4); (70,39,4); (76,39,4); (98,39,4); (64,39,4); (19,40,4); (97,40,4); (90,41,4); (45,41,4); (20,42,4); (94,42,4); (82,42,4); (53,43,4); (11,43,4); (54,44,4); (92,45,4); (59,45,4); (28,46,4); (81,46,4); (31,47,4); (16,49,4); (39,50,4); (29,51,4); (62,55,4); (44,55,4); (93,56,4); (5,56,4); (50,57,4); (49,58,4); (67,60,4); (88,60,4); (33,60,4); (73,61,4); (63,62,4); (34,62,4); (7,63,4); (68,63,4); (0,65,4); (47,67,4); (3,69,4); (79,69,4); (52,72,4); (40,73,4); (42,74,4); (23,75,4); (87,76,4); (60,76,4); (95,77,4); (37,78,4); (24,78,4); (8,83,4); (10,84,4); (66,85,4); (22,85,4); (26,88,4); (84,88,4); (38,91,4); (86,93,4); (72,93,4); (36,95,4); (2,95,4); (56,96,4); (69,97,4); (46,98,4); (41,98,4); 
Queue q0:(78,28,4);
Queue q1:(91,29,4);
Queue q2:(48,30,4);


Time 37
Waiting clients: (74,39,4); (70,39,4); (76,39,4); (98,39,4); (64,39,4); (19,40,4); (97,40,4); (90,41,4); (45,41,4); (20,42,4); (94,42,4); (82,42,4); (53,43,4); (11,43,4); (54,44,4); (92,45,4); (59,45,4); (28,46,4); (81,46,4); (31,47,4); (16,49,4); (39,50,4); (29,51,4); (62,55,4); (44,55,4); (93,56,4); (5,56,4); (50,57,4); (49,58,4); (67,60,4); (88,60,4); (33,60,4); (73,61,4); (63,62,4); (34,62,4); (7,63,4); (68,63,4); (0,65,4); (47,67,4); (3,69,4); (79,69,4); (52,72,4); (40,73,4); (42,74,4); (23,75,4); (87,76,4); (60,76,4); (95,77,4); (37,78,4); (24,78,4); (8,83,4); (10,84,4); (66,85,4); (22,85,4); (26,88,4); (84,88,4); (38,91,4); (86,93,4); (72,93,4); (36,95,4); (2,95,4); (56,96,4); (69,97,4); (46,98,4); (41,98,4); 
Queue q0:(78,28,4);
Queue q1:(91,29,4);
Queue q2:(48,30,4);


Time 38
Waiting clients: (74,39,4); (70,39,4); (76,39,4); (98,39,4); (64,39,4); (19,40,4); (97,40,4); (90,41,4); (45,41,4); (20,42,4); (94,42,4); (82,42,4); (53,43,4); (11,43,4); (54,44,4); (92,45,4); (59,45,4); (28,46,4); (81,46,4); (31,47,4); (16,49,4); (39,50,4); (29,51,4); (62,55,4); (44,55,4); (93,56,4); (5,56,4); (50,57,4); (49,58,4); (67,60,4); (88,60,4); (33,60,4); (73,61,4); (63,62,4); (34,62,4); (7,63,4); (68,63,4); (0,65,4); (47,67,4); (3,69,4); (79,69,4); (52,72,4); (40,73,4); (42,74,4); (23,75,4); (87,76,4); (60,76,4); (95,77,4); (37,78,4); (24,78,4); (8,83,4); (10,84,4); (66,85,4); (22,85,4); (26,88,4); (84,88,4); (38,91,4); (86,93,4); (72,93,4); (36,95,4); (2,95,4); (56,96,4); (69,97,4); (46,98,4); (41,98,4); 
Queue q0:(80,31,4);
Queue q1:(6,31,4);
Queue q2:(48,30,4);


Time 39
Waiting clients: (19,40,4); (97,40,4); (90,41,4); (45,41,4); (20,42,4); (94,42,4); (82,42,4); (53,43,4); (11,43,4); (54,44,4); (92,45,4); (59,45,4); (28,46,4); (81,46,4); (31,47,4); (16,49,4); (39,50,4); (29,51,4); (62,55,4); (44,55,4); (93,56,4); (5,56,4); (50,57,4); (49,58,4); (67,60,4); (88,60,4); (33,60,4); (73,61,4); (63,62,4); (34,62,4); (7,63,4); (68,63,4); (0,65,4); (47,67,4); (3,69,4); (79,69,4); (52,72,4); (40,73,4); (42,74,4); (23,75,4); (87,76,4); (60,76,4); (95,77,4); (37,78,4); (24,78,4); (8,83,4); (10,84,4); (66,85,4); (22,85,4); (26,88,4); (84,88,4); (38,91,4); (86,93,4); (72,93,4); (36,95,4); (2,95,4); (56,96,4); (69,97,4); (46,98,4); (41,98,4); 
Queue q0:(80,31,4);
Queue q1:(6,31,4);
Queue q2:(65,31,4);


Time 40
Waiting clients: (90,41,4); (45,41,4); (20,42,4); (94,42,4); (82,42,4); (53,43,4); (11,43,4); (54,44,4); (92,45,4); (59,45,4); (28,46,4); (81,46,4); (31,47,4); (16,49,4); (39,50,4); (29,51,4); (62,55,4); (44,55,4); (93,56,4); (5,56,4); (50,57,4); (49,58,4); (67,60,4); (88,60,4); (33,60,4); (73,61,4); (63,62,4); (34,62,4); (7,63,4); (68,63,4); (0,65,4); (47,67,4); (3,69,4); (79,69,4); (52,72,4); (40,73,4); (42,74,4); (23,75,4); (87,76,4); (60,76,4); (95,77,4); (37,78,4); (24,78,4); (8,83,4); (10,84,4); (66,85,4); (22,85,4); (26,88,4); (84,88,4); (38,91,4); (86,93,4); (72,93,4); (36,95,4); (2,95,4); (56,96,4); (69,97,4); (46,98,4); (41,98,4); 
Queue q0:(80,31,4);
Queue q1:(6,31,4);
Queue q2:(65,31,4);


Time 41
Waiting clients: (20,42,4); (94,42,4); (82,42,4); (53,43,4); (11,43,4); (54,44,4); (92,45,4); (59,45,4); (28,46,4); (81,46,4); (31,47,4); (16,49,4); (39,50,4); (29,51,4); (62,55,4); (44,55,4); (93,56,4); (5,56,4); (50,57,4); (49,58,4); (67,60,4); (88,60,4); (33,60,4); (73,61,4); (63,62,4); (34,62,4); (7,63,4); (68,63,4); (0,65,4); (47,67,4); (3,69,4); (79,69,4); (52,72,4); (40,73,4); (42,74,4); (23,75,4); (87,76,4); (60,76,4); (95,77,4); (37,78,4); (24,78,4); (8,83,4); (10,84,4); (66,85,4); (22,85,4); (26,88,4); (84,88,4); (38,91,4); (86,93,4); (72,93,4); (36,95,4); (2,95,4); (56,96,4); (69,97,4); (46,98,4); (41,98,4); 
Queue q0:(80,31,4);
Queue q1:(6,31,4);
Queue q2:(65,31,4);


Time 42
Waiting clients: (53,43,4); (11,43,4); (54,44,4); (92,45,4); (59,45,4); (28,46,4); (81,46,4); (31,47,4); (16,49,4); (39,50,4); (29,51,4); (62,55,4); (44,55,4); (93,56,4); (5,56,4); (50,57,4); (49,58,4); (67,60,4); (88,60,4); (33,60,4); (73,61,4); (63,62,4); (34,62,4); (7,63,4); (68,63,4); (0,65,4); (47,67,4); (3,69,4); (79,69,4); (52,72,4); (40,73,4); (42,74,4); (23,75,4); (87,76,4); (60,76,4); (95,77,4); (37,78,4); (24,78,4); (8,83,4); (10,84,4); (66,85,4); (22,85,4); (26,88,4); (84,88,4); (38,91,4); (86,93,4); (72,93,4); (36,95,4); (2,95,4); (56,96,4); (69,97,4); (46,98,4); (41,98,4); 
Queue q0:(43,32,4);
Queue q1:(71,33,4);
Queue q2:(65,31,4);


Time 43
Waiting clients: (54,44,4); (92,45,4); (59,45,4); (28,46,4); (81,46,4); (31,47,4); (16,49,4); (39,50,4); (29,51,4); (62,55,4); (44,55,4); (93,56,4); (5,56,4); (50,57,4); (49,58,4); (67,60,4); (88,60,4); (33,60,4); (73,61,4); (63,62,4); (34,62,4); (7,63,4); (68,63,4); (0,65,4); (47,67,4); (3,69,4); (79,69,4); (52,72,4); (40,73,4); (42,74,4); (23,75,4); (87,76,4); (60,76,4); (95,77,4); (37,78,4); (24,78,4); (8,83,4); (10,84,4); (66,85,4); (22,85,4); (26,88,4); (84,88,4); (38,91,4); (86,93,4); (72,93,4); (36,95,4); (2,95,4); (56,96,4); (69,97,4); (46,98,4); (41,98,4); 
Queue q0:(43,32,4);
Queue q1:(71,33,4);
Queue q2:(14,36,4);


Time 44
Waiting clients: (92,45,4); (59,45,4); (28,46,4); (81,46,4); (31,47,4); (16,49,4); (39,50,4); (29,51,4); (62,55,4); (44,55,4); (93,56,4); (5,56,4); (50,57,4); (49,58,4); (67,60,4); (88,60,4); (33,60,4); (73,61,4); (63,62,4); (34,62,4); (7,63,4); (68,63,4); (0,65,4); (47,67,4); (3,69,4); (79,69,4); (52,72,4); (40,73,4); (42,74,4); (23,75,4); (87,76,4); (60,76,4); (95,77,4); (37,78,4); (24,78,4); (8,83,4); (10,84,4); (66,85,4); (22,85,4); (26,88,4); (84,88,4); (38,91,4); (86,93,4); (72,93,4); (36,95,4); (2,95,4); (56,96,4); (69,97,4); (46,98,4); (41,98,4); 
Queue q0:(43,32,4);
Queue q1:(71,33,4);
Queue q2:(14,36,4);


Time 45
Waiting clients: (28,46,4); (81,46,4); (31,47,4); (16,49,4); (39,50,4); (29,51,4); (62,55,4); (44,55,4); (93,56,4); (5,56,4); (50,57,4); (49,58,4); (67,60,4); (88,60,4); (33,60,4); (73,61,4); (63,62,4); (34,62,4); (7,63,4); (68,63,4); (0,65,4); (47,67,4); (3,69,4); (79,69,4); (52,72,4); (40,73,4); (42,74,4); (23,75,4); (87,76,4); (60,76,4); (95,77,4); (37,78,4); (24,78,4); (8,83,4); (10,84,4); (66,85,4); (22,85,4); (26,88,4); (84,88,4); (38,91,4); (86,93,4); (72,93,4); (36,95,4); (2,95,4); (56,96,4); (69,97,4); (46,98,4); (41,98,4); 
Queue q0:(43,32,4);
Queue q1:(71,33,4);
Queue q2:(14,36,4);


Time 46
Waiting clients: (31,47,4); (16,49,4); (39,50,4); (29,51,4); (62,55,4); (44,55,4); (93,56,4); (5,56,4); (50,57,4); (49,58,4); (67,60,4); (88,60,4); (33,60,4); (73,61,4); (63,62,4); (34,62,4); (7,63,4); (68,63,4); (0,65,4); (47,67,4); (3,69,4); (79,69,4); (52,72,4); (40,73,4); (42,74,4); (23,75,4); (87,76,4); (60,76,4); (95,77,4); (37,78,4); (24,78,4); (8,83,4); (10,84,4); (66,85,4); (22,85,4); (26,88,4); (84,88,4); (38,91,4); (86,93,4); (72,93,4); (36,95,4); (2,95,4); (56,96,4); (69,97,4); (46,98,4); (41,98,4); 
Queue q0:(85,36,4);
Queue q1:(77,37,4);
Queue q2:(14,36,4);


Time 47
Waiting clients: (16,49,4); (39,50,4); (29,51,4); (62,55,4); (44,55,4); (93,56,4); (5,56,4); (50,57,4); (49,58,4); (67,60,4); (88,60,4); (33,60,4); (73,61,4); (63,62,4); (34,62,4); (7,63,4); (68,63,4); (0,65,4); (47,67,4); (3,69,4); (79,69,4); (52,72,4); (40,73,4); (42,74,4); (23,75,4); (87,76,4); (60,76,4); (95,77,4); (37,78,4); (24,78,4); (8,83,4); (10,84,4); (66,85,4); (22,85,4); (26,88,4); (84,88,4); (38,91,4); (86,93,4); (72,93,4); (36,95,4); (2,95,4); (56,96,4); (69,97,4); (46,98,4); (41,98,4); 
Queue q0:(85,36,4);
Queue q1:(77,37,4);
Queue q2:(74,39,4);


Time 48
Waiting clients: (16,49,4); (39,50,4); (29,51,4); (62,55,4); (44,55,4); (93,56,4); (5,56,4); (50,57,4); (49,58,4); (67,60,4); (88,60,4); (33,60,4); (73,61,4); (63,62,4); (34,62,4); (7,63,4); (68,63,4); (0,65,4); (47,67,4); (3,69,4); (79,69,4); (52,72,4); (40,73,4); (42,74,4); (23,75,4); (87,76,4); (60,76,4); (95,77,4); (37,78,4); (24,78,4); (8,83,4); (10,84,4); (66,85,4); (22,85,4); (26,88,4); (84,88,4); (38,91,4); (86,93,4); (72,93,4); (36,95,4); (2,95,4); (56,96,4); (69,97,4); (46,98,4); (41,98,4); 
Queue q0:(85,36,4);
Queue q1:(77,37,4);
Queue q2:(74,39,4);


Time 49
Waiting clients: (39,50,4); (29,51,4); (62,55,4); (44,55,4); (93,56,4); (5,56,4); (50,57,4); (49,58,4); (67,60,4); (88,60,4); (33,60,4); (73,61,4); (63,62,4); (34,62,4); (7,63,4); (68,63,4); (0,65,4); (47,67,4); (3,69,4); (79,69,4); (52,72,4); (40,73,4); (42,74,4); (23,75,4); (87,76,4); (60,76,4); (95,77,4); (37,78,4); (24,78,4); (8,83,4); (10,84,4); (66,85,4); (22,85,4); (26,88,4); (84,88,4); (38,91,4); (86,93,4); (72,93,4); (36,95,4); (2,95,4); (56,96,4); (69,97,4); (46,98,4); (41,98,4); 
Queue q0:(85,36,4);
Queue q1:(77,37,4);
Queue q2:(74,39,4);


Time 50
Waiting clients: (29,51,4); (62,55,4); (44,55,4); (93,56,4); (5,56,4); (50,57,4); (49,58,4); (67,60,4); (88,60,4); (33,60,4); (73,61,4); (63,62,4); (34,62,4); (7,63,4); (68,63,4); (0,65,4); (47,67,4); (3,69,4); (79,69,4); (52,72,4); (40,73,4); (42,74,4); (23,75,4); (87,76,4); (60,76,4); (95,77,4); (37,78,4); (24,78,4); (8,83,4); (10,84,4); (66,85,4); (22,85,4); (26,88,4); (84,88,4); (38,91,4); (86,93,4); (72,93,4); (36,95,4); (2,95,4); (56,96,4); (69,97,4); (46,98,4); (41,98,4); 
Queue q0:(70,39,4);
Queue q1:(76,39,4);
Queue q2:(74,39,4);


Time 51
Waiting clients: (62,55,4); (44,55,4); (93,56,4); (5,56,4); (50,57,4); (49,58,4); (67,60,4); (88,60,4); (33,60,4); (73,61,4); (63,62,4); (34,62,4); (7,63,4); (68,63,4); (0,65,4); (47,67,4); (3,69,4); (79,69,4); (52,72,4); (40,73,4); (42,74,4); (23,75,4); (87,76,4); (60,76,4); (95,77,4); (37,78,4); (24,78,4); (8,83,4); (10,84,4); (66,85,4); (22,85,4); (26,88,4); (84,88,4); (38,91,4); (86,93,4); (72,93,4); (36,95,4); (2,95,4); (56,96,4); (69,97,4); (46,98,4); (41,98,4); 
Queue q0:(70,39,4);
Queue q1:(76,39,4);
Queue q2:(98,39,4);


Time 52
Waiting clients: (62,55,4); (44,55,4); (93,56,4); (5,56,4); (50,57,4); (49,58,4); (67,60,4); (88,60,4); (33,60,4); (73,61,4); (63,62,4); (34,62,4); (7,63,4); (68,63,4); (0,65,4); (47,67,4); (3,69,4); (79,69,4); (52,72,4); (40,73,4); (42,74,4); (23,75,4); (87,76,4); (60,76,4); (95,77,4); (37,78,4); (24,78,4); (8,83,4); (10,84,4); (66,85,4); (22,85,4); (26,88,4); (84,88,4); (38,91,4); (86,93,4); (72,93,4); (36,95,4); (2,95,4); (56,96,4); (69,97,4); (46,98,4); (41,98,4); 
Queue q0:(70,39,4);
Queue q1:(76,39,4);
Queue q2:(98,39,4);


Time 53
Waiting clients: (62,55,4); (44,55,4); (93,56,4); (5,56,4); (50,57,4); (49,58,4); (67,60,4); (88,60,4); (33,60,4); (73,61,4); (63,62,4); (34,62,4); (7,63,4); (68,63,4); (0,65,4); (47,67,4); (3,69,4); (79,69,4); (52,72,4); (40,73,4); (42,74,4); (23,75,4); (87,76,4); (60,76,4); (95,77,4); (37,78,4); (24,78,4); (8,83,4); (10,84,4); (66,85,4); (22,85,4); (26,88,4); (84,88,4); (38,91,4); (86,93,4); (72,93,4); (36,95,4); (2,95,4); (56,96,4); (69,97,4); (46,98,4); (41,98,4); 
Queue q0:(70,39,4);
Queue q1:(76,39,4);
Queue q2:(98,39,4);


Time 54
Waiting clients: (62,55,4); (44,55,4); (93,56,4); (5,56,4); (50,57,4); (49,58,4); (67,60,4); (88,60,4); (33,60,4); (73,61,4); (63,62,4); (34,62,4); (7,63,4); (68,63,4); (0,65,4); (47,67,4); (3,69,4); (79,69,4); (52,72,4); (40,73,4); (42,74,4); (23,75,4); (87,76,4); (60,76,4); (95,77,4); (37,78,4); (24,78,4); (8,83,4); (10,84,4); (66,85,4); (22,85,4); (26,88,4); (84,88,4); (38,91,4); (86,93,4); (72,93,4); (36,95,4); (2,95,4); (56,96,4); (69,97,4); (46,98,4); (41,98,4); 
Queue q0:(64,39,4);
Queue q1:(19,40,4);
Queue q2:(98,39,4);


Time 55
Waiting clients: (93,56,4); (5,56,4); (50,57,4); (49,58,4); (67,60,4); (88,60,4); (33,60,4); (73,61,4); (63,62,4); (34,62,4); (7,63,4); (68,63,4); (0,65,4); (47,67,4); (3,69,4); (79,69,4); (52,72,4); (40,73,4); (42,74,4); (23,75,4); (87,76,4); (60,76,4); (95,77,4); (37,78,4); (24,78,4); (8,83,4); (10,84,4); (66,85,4); (22,85,4); (26,88,4); (84,88,4); (38,91,4); (86,93,4); (72,93,4); (36,95,4); (2,95,4); (56,96,4); (69,97,4); (46,98,4); (41,98,4); 
Queue q0:(64,39,4);
Queue q1:(19,40,4);
Queue q2:(97,40,4);


Time 56
Waiting clients: (50,57,4); (49,58,4); (67,60,4); (88,60,4); (33,60,4); (73,61,4); (63,62,4); (34,62,4); (7,63,4); (68,63,4); (0,65,4); (47,67,4); (3,69,4); (79,69,4); (52,72,4); (40,73,4); (42,74,4); (23,75,4); (87,76,4); (60,76,4); (95,77,4); (37,78,4); (24,78,4); (8,83,4); (10,84,4); (66,85,4); (22,85,4); (26,88,4); (84,88,4); (38,91,4); (86,93,4); (72,93,4); (36,95,4); (2,95,4); (56,96,4); (69,97,4); (46,98,4); (41,98,4); 
Queue q0:(64,39,4);
Queue q1:(19,40,4);
Queue q2:(97,40,4);


Time 57
Waiting clients: (49,58,4); (67,60,4); (88,60,4); (33,60,4); (73,61,4); (63,62,4); (34,62,4); (7,63,4); (68,63,4); (0,65,4); (47,67,4); (3,69,4); (79,69,4); (52,72,4); (40,73,4); (42,74,4); (23,75,4); (87,76,4); (60,76,4); (95,77,4); (37,78,4); (24,78,4); (8,83,4); (10,84,4); (66,85,4); (22,85,4); (26,88,4); (84,88,4); (38,91,4); (86,93,4); (72,93,4); (36,95,4); (2,95,4); (56,96,4); (69,97,4); (46,98,4); (41,98,4); 
Queue q0:(64,39,4);
Queue q1:(19,40,4);
Queue q2:(97,40,4);


Time 58
Waiting clients: (67,60,4); (88,60,4); (33,60,4); (73,61,4); (63,62,4); (34,62,4); (7,63,4); (68,63,4); (0,65,4); (47,67,4); (3,69,4); (79,69,4); (52,72,4); (40,73,4); (42,74,4); (23,75,4); (87,76,4); (60,76,4); (95,77,4); (37,78,4); (24,78,4); (8,83,4); (10,84,4); (66,85,4); (22,85,4); (26,88,4); (84,88,4); (38,91,4); (86,93,4); (72,93,4); (36,95,4); (2,95,4); (56,96,4); (69,97,4); (46,98,4); (41,98,4); 
Queue q0:(90,41,4);
Queue q1:(45,41,4);
Queue q2:(97,40,4);


Time 59
Waiting clients: (67,60,4); (88,60,4); (33,60,4); (73,61,4); (63,62,4); (34,62,4); (7,63,4); (68,63,4); (0,65,4); (47,67,4); (3,69,4); (79,69,4); (52,72,4); (40,73,4); (42,74,4); (23,75,4); (87,76,4); (60,76,4); (95,77,4); (37,78,4); (24,78,4); (8,83,4); (10,84,4); (66,85,4); (22,85,4); (26,88,4); (84,88,4); (38,91,4); (86,93,4); (72,93,4); (36,95,4); (2,95,4); (56,96,4); (69,97,4); (46,98,4); (41,98,4); 
Queue q0:(90,41,4);
Queue q1:(45,41,4);
Queue q2:(20,42,4);


Time 60
Waiting clients: (73,61,4); (63,62,4); (34,62,4); (7,63,4); (68,63,4); (0,65,4); (47,67,4); (3,69,4); (79,69,4); (52,72,4); (40,73,4); (42,74,4); (23,75,4); (87,76,4); (60,76,4); (95,77,4); (37,78,4); (24,78,4); (8,83,4); (10,84,4); (66,85,4); (22,85,4); (26,88,4); (84,88,4); (38,91,4); (86,93,4); (72,93,4); (36,95,4); (2,95,4); (56,96,4); (69,97,4); (46,98,4); (41,98,4); 
Queue q0:(90,41,4);
Queue q1:(45,41,4);
Queue q2:(20,42,4);


Time 61
Waiting clients: (63,62,4); (34,62,4); (7,63,4); (68,63,4); (0,65,4); (47,67,4); (3,69,4); (79,69,4); (52,72,4); (40,73,4); (42,74,4); (23,75,4); (87,76,4); (60,76,4); (95,77,4); (37,78,4); (24,78,4); (8,83,4); (10,84,4); (66,85,4); (22,85,4); (26,88,4); (84,88,4); (38,91,4); (86,93,4); (72,93,4); (36,95,4); (2,95,4); (56,96,4); (69,97,4); (46,98,4); (41,98,4); 
Queue q0:(90,41,4);
Queue q1:(45,41,4);
Queue q2:(20,42,4);


Time 62
Waiting clients: (7,63,4); (68,63,4); (0,65,4); (47,67,4); (3,69,4); (79,69,4); (52,72,4); (40,73,4); (42,74,4); (23,75,4); (87,76,4); (60,76,4); (95,77,4); (37,78,4); (24,78,4); (8,83,4); (10,84,4); (66,85,4); (22,85,4); (26,88,4); (84,88,4); (38,91,4); (86,93,4); (72,93,4); (36,95,4); (2,95,4); (56,96,4); (69,97,4); (46,98,4); (41,98,4); 
Queue q0:(94,42,4);
Queue q1:(82,42,4);
Queue q2:(20,42,4);


Time 63
Waiting clients: (0,65,4); (47,67,4); (3,69,4); (79,69,4); (52,72,4); (40,73,4); (42,74,4); (23,75,4); (87,76,4); (60,76,4); (95,77,4); (37,78,4); (24,78,4); (8,83,4); (10,84,4); (66,85,4); (22,85,4); (26,88,4); (84,88,4); (38,91,4); (86,93,4); (72,93,4); (36,95,4); (2,95,4); (56,96,4); (69,97,4); (46,98,4); (41,98,4); 
Queue q0:(94,42,4);
Queue q1:(82,42,4);
Queue q2:(53,43,4);


Time 64
Waiting clients: (0,65,4); (47,67,4); (3,69,4); (79,69,4); (52,72,4); (40,73,4); (42,74,4); (23,75,4); (87,76,4); (60,76,4); (95,77,4); (37,78,4); (24,78,4); (8,83,4); (10,84,4); (66,85,4); (22,85,4); (26,88,4); (84,88,4); (38,91,4); (86,93,4); (72,93,4); (36,95,4); (2,95,4); (56,96,4); (69,97,4); (46,98,4); (41,98,4); 
Queue q0:(94,42,4);
Queue q1:(82,42,4);
Queue q2:(53,43,4);


Time 65
Waiting clients: (47,67,4); (3,69,4); (79,69,4); (52,72,4); (40,73,4); (42,74,4); (23,75,4); (87,76,4); (60,76,4); (95,77,4); (37,78,4); (24,78,4); (8,83,4); (10,84,4); (66,85,4); (22,85,4); (26,88,4); (84,88,4); (38,91,4); (86,93,4); (72,93,4); (36,95,4); (2,95,4); (56,96,4); (69,97,4); (46,98,4); (41,98,4); 
Queue q0:(94,42,4);
Queue q1:(82,42,4);
Queue q2:(53,43,4);


Time 66
Waiting clients: (47,67,4); (3,69,4); (79,69,4); (52,72,4); (40,73,4); (42,74,4); (23,75,4); (87,76,4); (60,76,4); (95,77,4); (37,78,4); (24,78,4); (8,83,4); (10,84,4); (66,85,4); (22,85,4); (26,88,4); (84,88,4); (38,91,4); (86,93,4); (72,93,4); (36,95,4); (2,95,4); (56,96,4); (69,97,4); (46,98,4); (41,98,4); 
Queue q0:(11,43,4);
Queue q1:(54,44,4);
Queue q2:(53,43,4);


Time 67
Waiting clients: (3,69,4); (79,69,4); (52,72,4); (40,73,4); (42,74,4); (23,75,4); (87,76,4); (60,76,4); (95,77,4); (37,78,4); (24,78,4); (8,83,4); (10,84,4); (66,85,4); (22,85,4); (26,88,4); (84,88,4); (38,91,4); (86,93,4); (72,93,4); (36,95,4); (2,95,4); (56,96,4); (69,97,4); (46,98,4); (41,98,4); 
Queue q0:(11,43,4);
Queue q1:(54,44,4);
Queue q2:(92,45,4);


Time 68
Waiting clients: (3,69,4); (79,69,4); (52,72,4); (40,73,4); (42,74,4); (23,75,4); (87,76,4); (60,76,4); (95,77,4); (37,78,4); (24,78,4); (8,83,4); (10,84,4); (66,85,4); (22,85,4); (26,88,4); (84,88,4); (38,91,4); (86,93,4); (72,93,4); (36,95,4); (2,95,4); (56,96,4); (69,97,4); (46,98,4); (41,98,4); 
Queue q0:(11,43,4);
Queue q1:(54,44,4);
Queue q2:(92,45,4);


Time 69
Waiting clients: (52,72,4); (40,73,4); (42,74,4); (23,75,4); (87,76,4); (60,76,4); (95,77,4); (37,78,4); (24,78,4); (8,83,4); (10,84,4); (66,85,4); (22,85,4); (26,88,4); (84,88,4); (38,91,4); (86,93,4); (72,93,4); (36,95,4); (2,95,4); (56,96,4); (69,97,4); (46,98,4); (41,98,4); 
Queue q0:(11,43,4);
Queue q1:(54,44,4);
Queue q2:(92,45,4);


Time 70
Waiting clients: (52,72,4); (40,73,4); (42,74,4); (23,75,4); (87,76,4); (60,76,4); (95,77,4); (37,78,4); (24,78,4); (8,83,4); (10,84,4); (66,85,4); (22,85,4); (26,88,4); (84,88,4); (38,91,4); (86,93,4); (72,93,4); (36,95,4); (2,95,4); (56,96,4); (69,97,4); (46,98,4); (41,98,4); 
Queue q0:(59,45,4);
Queue q1:(28,46,4);
Queue q2:(92,45,4);


Time 71
Waiting clients: (52,72,4); (40,73,4); (42,74,4); (23,75,4); (87,76,4); (60,76,4); (95,77,4); (37,78,4); (24,78,4); (8,83,4); (10,84,4); (66,85,4); (22,85,4); (26,88,4); (84,88,4); (38,91,4); (86,93,4); (72,93,4); (36,95,4); (2,95,4); (56,96,4); (69,97,4); (46,98,4); (41,98,4); 
Queue q0:(59,45,4);
Queue q1:(28,46,4);
Queue q2:(81,46,4);


Time 72
Waiting clients: (40,73,4); (42,74,4); (23,75,4); (87,76,4); (60,76,4); (95,77,4); (37,78,4); (24,78,4); (8,83,4); (10,84,4); (66,85,4); (22,85,4); (26,88,4); (84,88,4); (38,91,4); (86,93,4); (72,93,4); (36,95,4); (2,95,4); (56,96,4); (69,97,4); (46,98,4); (41,98,4); 
Queue q0:(59,45,4);
Queue q1:(28,46,4);
Queue q2:(81,46,4);


Time 73
Waiting clients: (42,74,4); (23,75,4); (87,76,4); (60,76,4); (95,77,4); (37,78,4); (24,78,4); (8,83,4); (10,84,4); (66,85,4); (22,85,4); (26,88,4); (84,88,4); (38,91,4); (86,93,4); (72,93,4); (36,95,4); (2,95,4); (56,96,4); (69,97,4); (46,98,4); (41,98,4); 
Queue q0:(59,45,4);
Queue q1:(28,46,4);
Queue q2:(81,46,4);


Time 74
Waiting clients: (23,75,4); (87,76,4); (60,76,4); (95,77,4); (37,78,4); (24,78,4); (8,83,4); (10,84,4); (66,85,4); (22,85,4); (26,88,4); (84,88,4); (38,91,4); (86,93,4); (72,93,4); (36,95,4); (2,95,4); (56,96,4); (69,97,4); (46,98,4); (41,98,4); 
Queue q0:(31,47,4);
Queue q1:(16,49,4);
Queue q2:(81,46,4);


Time 75
Waiting clients: (87,76,4); (60,76,4); (95,77,4); (37,78,4); (24,78,4); (8,83,4); (10,84,4); (66,85,4); (22,85,4); (26,88,4); (84,88,4); (38,91,4); (86,93,4); (72,93,4); (36,95,4); (2,95,4); (56,96,4); (69,97,4); (46,98,4); (41,98,4); 
Queue q0:(31,47,4);
Queue q1:(16,49,4);
Queue q2:(39,50,4);


Time 76
Waiting clients: (95,77,4); (37,78,4); (24,78,4); (8,83,4); (10,84,4); (66,85,4); (22,85,4); (26,88,4); (84,88,4); (38,91,4); (86,93,4); (72,93,4); (36,95,4); (2,95,4); (56,96,4); (69,97,4); (46,98,4); (41,98,4); 
Queue q0:(31,47,4);
Queue q1:(16,49,4);
Queue q2:(39,50,4);


Time 77
Waiting clients: (37,78,4); (24,78,4); (8,83,4); (10,84,4); (66,85,4); (22,85,4); (26,88,4); (84,88,4); (38,91,4); (86,93,4); (72,93,4); (36,95,4); (2,95,4); (56,96,4); (69,97,4); (46,98,4); (41,98,4); 
Queue q0:(31,47,4);
Queue q1:(16,49,4);
Queue q2:(39,50,4);


Time 78
Waiting clients: (8,83,4); (10,84,4); (66,85,4); (22,85,4); (26,88,4); (84,88,4); (38,91,4); (86,93,4); (72,93,4); (36,95,4); (2,95,4); (56,96,4); (69,97,4); (46,98,4); (41,98,4); 
Queue q0:(29,51,4);
Queue q1:(62,55,4);
Queue q2:(39,50,4);


Time 79
Waiting clients: (8,83,4); (10,84,4); (66,85,4); (22,85,4); (26,88,4); (84,88,4); (38,91,4); (86,93,4); (72,93,4); (36,95,4); (2,95,4); (56,96,4); (69,97,4); (46,98,4); (41,98,4); 
Queue q0:(29,51,4);
Queue q1:(62,55,4);
Queue q2:(44,55,4);


Time 80
Waiting clients: (8,83,4); (10,84,4); (66,85,4); (22,85,4); (26,88,4); (84,88,4); (38,91,4); (86,93,4); (72,93,4); (36,95,4); (2,95,4); (56,96,4); (69,97,4); (46,98,4); (41,98,4); 
Queue q0:(29,51,4);
Queue q1:(62,55,4);
Queue q2:(44,55,4);


Time 81
Waiting clients: (8,83,4); (10,84,4); (66,85,4); (22,85,4); (26,88,4); (84,88,4); (38,91,4); (86,93,4); (72,93,4); (36,95,4); (2,95,4); (56,96,4); (69,97,4); (46,98,4); (41,98,4); 
Queue q0:(93,56,4);
Queue q1:(5,56,4);
Queue q2:(44,55,4);


Time 82
Waiting clients: (8,83,4); (10,84,4); (66,85,4); (22,85,4); (26,88,4); (84,88,4); (38,91,4); (86,93,4); (72,93,4); (36,95,4); (2,95,4); (56,96,4); (69,97,4); (46,98,4); (41,98,4); 
Queue q0:(93,56,4);
Queue q1:(5,56,4);
Queue q2:(50,57,4);


Time 83
Waiting clients: (10,84,4); (66,85,4); (22,85,4); (26,88,4); (84,88,4); (38,91,4); (86,93,4); (72,93,4); (36,95,4); (2,95,4); (56,96,4); (69,97,4); (46,98,4); (41,98,4); 
Queue q0:(93,56,4);
Queue q1:(5,56,4);
Queue q2:(50,57,4);


Time 84
Waiting clients: (66,85,4); (22,85,4); (26,88,4); (84,88,4); (38,91,4); (86,93,4); (72,93,4); (36,95,4); (2,95,4); (56,96,4); (69,97,4); (46,98,4); (41,98,4); 
Queue q0:(93,56,4);
Queue q1:(5,56,4);
Queue q2:(50,57,4);


Time 85
Waiting clients: (26,88,4); (84,88,4); (38,91,4); (86,93,4); (72,93,4); (36,95,4); (2,95,4); (56,96,4); (69,97,4); (46,98,4); (41,98,4); 
Queue q0:(49,58,4);
Queue q1:(67,60,4);
Queue q2:(50,57,4);


Time 86
Waiting clients: (26,88,4); (84,88,4); (38,91,4); (86,93,4); (72,93,4); (36,95,4); (2,95,4); (56,96,4); (69,97,4); (46,98,4); (41,98,4); 
Queue q0:(49,58,4);
Queue q1:(67,60,4);
Queue q2:(88,60,4);


Time 87
Waiting clients: (26,88,4); (84,88,4); (38,91,4); (86,93,4); (72,93,4); (36,95,4); (2,95,4); (56,96,4); (69,97,4); (46,98,4); (41,98,4); 
Queue q0:(49,58,4);
Queue q1:(67,60,4);
Queue q2:(88,60,4);


Time 88
Waiting clients: (38,91,4); (86,93,4); (72,93,4); (36,95,4); (2,95,4); (56,96,4); (69,97,4); (46,98,4); (41,98,4); 
Queue q0:(49,58,4);
Queue q1:(67,60,4);
Queue q2:(88,60,4);


Time 89
Waiting clients: (38,91,4); (86,93,4); (72,93,4); (36,95,4); (2,95,4); (56,96,4); (69,97,4); (46,98,4); (41,98,4); 
Queue q0:(33,60,4);
Queue q1:(73,61,4);
Queue q2:(88,60,4);


Time 90
Waiting clients: (38,91,4); (86,93,4); (72,93,4); (36,95,4); (2,95,4); (56,96,4); (69,97,4); (46,98,4); (41,98,4); 
Queue q0:(33,60,4);
Queue q1:(73,61,4);
Queue q2:(63,62,4);


Time 91
Waiting clients: (86,93,4); (72,93,4); (36,95,4); (2,95,4); (56,96,4); (69,97,4); (46,98,4); (41,98,4); 
Queue q0:(33,60,4);
Queue q1:(73,61,4);
Queue q2:(63,62,4);


Time 92
Waiting clients: (86,93,4); (72,93,4); (36,95,4); (2,95,4); (56,96,4); (69,97,4); (46,98,4); (41,98,4); 
Queue q0:(33,60,4);
Queue q1:(73,61,4);
Queue q2:(63,62,4);


Time 93
Waiting clients: (36,95,4); (2,95,4); (56,96,4); (69,97,4); (46,98,4); (41,98,4); 
Queue q0:(34,62,4);
Queue q1:(7,63,4);
Queue q2:(63,62,4);


Time 94
Waiting clients: (36,95,4); (2,95,4); (56,96,4); (69,97,4); (46,98,4); (41,98,4); 
Queue q0:(34,62,4);
Queue q1:(7,63,4);
Queue q2:(68,63,4);


Time 95
Waiting clients: (56,96,4); (69,97,4); (46,98,4); (41,98,4); 
Queue q0:(34,62,4);
Queue q1:(7,63,4);
Queue q2:(68,63,4);


Time 96
Waiting clients: (69,97,4); (46,98,4); (41,98,4); 
Queue q0:(34,62,4);
Queue q1:(7,63,4);
Queue q2:(68,63,4);


Time 97
Waiting clients: (46,98,4); (41,98,4); 
Queue q0:(0,65,4);
Queue q1:(47,67,4);
Queue q2:(68,63,4);


Time 98
Waiting clients: 
Queue q0:(0,65,4);
Queue q1:(47,67,4);
Queue q2:(3,69,4);


Time 99
Waiting clients: 
Queue q0:(0,65,4);
Queue q1:(47,67,4);
Queue q2:(3,69,4);


Time 100
Waiting clients: 
Queue q0:(0,65,4);
Queue q1:(47,67,4);
Queue q2:(3,69,4);


Time 101
Waiting clients: 
Queue q0:(79,69,4);
Queue q1:(52,72,4);
Queue q2:(3,69,4);


Time 102
Waiting clients: 
Queue q0:(79,69,4);
Queue q1:(52,72,4);
Queue q2:(40,73,4);


Time 103
Waiting clients: 
Queue q0:(79,69,4);
Queue q1:(52,72,4);
Queue q2:(40,73,4);


Time 104
Waiting clients: 
Queue q0:(79,69,4);
Queue q1:(52,72,4);
Queue q2:(40,73,4);


Time 105
Waiting clients: 
Queue q0:(42,74,4);
Queue q1:(23,75,4);
Queue q2:(40,73,4);


Time 106
Waiting clients: 
Queue q0:(42,74,4);
Queue q1:(23,75,4);
Queue q2:(87,76,4);


Time 107
Waiting clients: 
Queue q0:(42,74,4);
Queue q1:(23,75,4);
Queue q2:(87,76,4);


Time 108
Waiting clients: 
Queue q0:(42,74,4);
Queue q1:(23,75,4);
Queue q2:(87,76,4);


Time 109
Waiting clients: 
Queue q0:(60,76,4);
Queue q1:(95,77,4);
Queue q2:(87,76,4);


Time 110
Waiting clients: 
Queue q0:(60,76,4);
Queue q1:(95,77,4);
Queue q2:(37,78,4);


Time 111
Waiting clients: 
Queue q0:(60,76,4);
Queue q1:(95,77,4);
Queue q2:(37,78,4);


Time 112
Waiting clients: 
Queue q0:(60,76,4);
Queue q1:(95,77,4);
Queue q2:(37,78,4);


Time 113
Waiting clients: 
Queue q0:(24,78,4);
Queue q1:(8,83,4);
Queue q2:(37,78,4);


Time 114
Waiting clients: 
Queue q0:(24,78,4);
Queue q1:(8,83,4);
Queue q2:(10,84,4);


Time 115
Waiting clients: 
Queue q0:(24,78,4);
Queue q1:(8,83,4);
Queue q2:(10,84,4);


Time 116
Waiting clients: 
Queue q0:(24,78,4);
Queue q1:(8,83,4);
Queue q2:(10,84,4);


Time 117
Waiting clients: 
Queue q0:(66,85,4);
Queue q1:(22,85,4);
Queue q2:(10,84,4);


Time 118
Waiting clients: 
Queue q0:(66,85,4);
Queue q1:(22,85,4);
Queue q2:(26,88,4);


Time 119
Waiting clients: 
Queue q0:(66,85,4);
Queue q1:(22,85,4);
Queue q2:(26,88,4);


Time 120
Waiting clients: 
Queue q0:(66,85,4);
Queue q1:(22,85,4);
Queue q2:(26,88,4);

Average waiting time:4.0